Threshold,TrainAUC,TestAUC,Test CM,Train CM,NoRain_NoCloud,NoRain_Cloud,Rain_NoCloud,Rain_Cloud,S0train,S1train,S0test,S1test
0,92.6,71.6,"[[5712.4 1189.4]
 [   6.2    9.8]]","[[2.4137e+04 3.4702e+03]
 [1.0000e+00 6.3000e+01]]",0,34509,0,80,23122,52,11387,28
2,93.2,73.4,"[[3423.6  774.4]
 [   5.     9.6]]","[[1.472e+04 2.072e+03]
 [4.000e-01 5.800e+01]]",13519,20990,7,73,14060,52,6930,21
4,92.6,74.0,"[[3082.6  756.4]
 [   4.6   10. ]]","[[1.33508e+04 2.00520e+03]
 [4.00000e-01 5.80000e+01]]",15314,19195,7,73,12858,51,6337,22
6,91.6,73.6,"[[2829.6  712.6]
 [   4.6   10. ]]","[[1.22586e+04 1.91020e+03]
 [1.20000e+00 5.72000e+01]]",16798,17711,7,73,11866,49,5845,24
8,93.0,75.6,"[[2710.2  583.6]
 [   4.2    9.6]]","[[1.15114e+04 1.66380e+03]
 [2.00000e-01 5.50000e+01]]",18040,16469,11,69,11030,50,5439,19
10,92.8,76.2,"[[2560.2  609. ]
 [   3.8   10. ]]","[[10988.   1688.8]
 [    0.     55.2]]",18663,15846,11,69,10617,46,5229,23
12,92.6,74.2,"[[2430.   566.8]
 [   4.4    9.4]]","[[1.03754e+04 1.61180e+03]
 [2.00000e-01 5.50000e+01]]",19525,14984,11,69,10032,53,4952,16
14,92.6,74.4,"[[2294.6  544. ]
 [   4.2    9.6]]","[[9.8132e+03 1.5412e+03]
 [2.0000e-01 5.5000e+01]]",20316,14193,11,69,9510,45,4683,24
16,92.2,76.2,"[[2206.   527. ]
 [   3.8   10. ]]","[[9.440e+03 1.492e+03]
 [4.000e-01 5.480e+01]]",20844,13665,11,69,9163,38,4502,31
18,92.0,78.2,"[[2065.6  539. ]
 [   2.8   10.2]]","[[8.9326e+03 1.4858e+03]
 [2.0000e-01 5.1800e+01]]",21486,13023,15,65,8727,41,4296,24
20,92.2,78.0,"[[1956.4  528.2]
 [   2.8   10.2]]","[[8516.  1422.4]
 [   0.    52. ]]",22086,12423,15,65,8324,42,4099,23
22,91.2,72.4,"[[1878.   502. ]
 [   4.2    8.2]]","[[8.2374e+03 1.2826e+03]
 [1.4000e+00 4.8200e+01]]",22609,11900,18,62,7980,34,3920,28
24,91.4,74.8,"[[1820.8  506.6]
 [   3.4    9. ]]","[[8.0286e+03 1.2810e+03]
 [1.2000e+00 4.8400e+01]]",22872,11637,18,62,7799,39,3838,23
26,91.2,77.2,"[[1760.4  495.2]
 [   2.8    9.6]]","[[7.7582e+03 1.2642e+03]
 [1.2000e+00 4.8400e+01]]",23231,11278,18,62,7557,40,3721,22
28,91.0,73.2,"[[1711.   463. ]
 [   4.     8.4]]","[[7.471e+03 1.225e+03]
 [1.400e+00 4.820e+01]]",23639,10870,18,62,7285,39,3585,23
30,91.0,74.0,"[[1653.2  453.6]
 [   3.6    8.8]]","[[7.2030e+03 1.2242e+03]
 [1.2000e+00 4.8400e+01]]",23975,10534,18,62,7055,44,3479,18
32,91.0,74.8,"[[1604.8  439.8]
 [   3.4    9. ]]","[[6.9708e+03 1.2076e+03]
 [1.0000e+00 4.8600e+01]]",24286,10223,18,62,6848,42,3375,20
34,90.4,79.8,"[[1582.   358.2]
 [   2.4    9. ]]","[[6.6458e+03 1.1150e+03]
 [1.6000e+00 4.4000e+01]]",24808,9701,23,57,6505,32,3196,25
36,92.4,75.0,"[[1483.6  361.2]
 [   3.2    7.6]]","[[6.4222e+03 9.5700e+02]
 [6.0000e-01 4.2600e+01]]",25285,9224,26,54,6177,39,3047,15
38,93.6,83.2,"[[1515.8  257.8]
 [   1.8    8.2]]","[[6.3946e+03 6.9980e+02]
 [8.0000e-01 3.9200e+01]]",25641,8868,30,50,5946,29,2922,21
40,93.8,82.4,"[[1417.2  231.8]
 [   2.     8. ]]","[[5.9706e+03 6.2540e+02]
 [8.0000e-01 3.9200e+01]]",26264,8245,30,50,5524,33,2721,17
42,94.8,75.2,"[[1349.   262.8]
 [   2.8    6. ]]","[[5844.   603.2]
 [   0.    35.2]]",26450,8059,36,44,5397,32,2662,12
44,94.8,75.6,"[[1316.   262.2]
 [   2.8    6. ]]","[[5705.6  607.2]
 [   0.    35.2]]",26618,7891,36,44,5287,29,2604,15
46,94.6,75.4,"[[1260.   260.6]
 [   2.8    6. ]]","[[5487.4  595. ]
 [   0.    35.2]]",26906,7603,36,44,5094,29,2509,15
48,94.4,75.4,"[[1219.6  243.4]
 [   2.8    6. ]]","[[5260.2  591.8]
 [   0.    35.2]]",27194,7315,36,44,4898,32,2417,12
50,94.4,75.0,"[[1146.2  254.4]
 [   2.8    6. ]]","[[5012.8  589.6]
 [   0.    35.2]]",27506,7003,36,44,4693,28,2310,16
52,94.0,73.6,"[[1104.2  253.2]
 [   2.8    6. ]]","[[4845.4  584.2]
 [   0.    35.2]]",27722,6787,36,44,4550,26,2237,18
54,94.4,67.8,"[[1077.2  223. ]
 [   4.     4.4]]","[[4.683e+03 5.178e+02]
 [2.000e-01 3.340e+01]]",28008,6501,38,42,4355,28,2146,14
56,94.4,69.2,"[[1040.6  211.6]
 [   3.8    4.6]]","[[4.5328e+03 4.7600e+02]
 [2.0000e-01 3.3400e+01]]",28248,6261,38,42,4198,25,2063,17
58,94.2,75.8,"[[994.8 195. ]
 [  2.6   5.8]]","[[4.2834e+03 4.7580e+02]
 [2.0000e-01 3.3400e+01]]",28560,5949,38,42,3982,31,1967,11
60,94.2,76.0,"[[925.6 201.8]
 [  2.4   6. ]]","[[4.0868e+03 4.2280e+02]
 [4.0000e-01 3.3200e+01]]",28872,5637,38,42,3778,26,1859,16
62,94.6,66.4,"[[897.4 191.8]
 [  4.2   4.2]]","[[3.9508e+03 4.0600e+02]
 [2.0000e-01 3.3400e+01]]",29063,5446,38,42,3642,34,1804,8
64,94.0,76.0,"[[856.4 199.2]
 [  2.4   6. ]]","[[3.7932e+03 4.2920e+02]
 [2.0000e-01 3.3400e+01]]",29231,5278,38,42,3532,32,1746,10
66,93.8,76.0,"[[825.6 186.8]
 [  2.4   6. ]]","[[3.630e+03 4.196e+02]
 [4.000e-01 3.320e+01]]",29447,5062,38,42,3388,31,1674,11
68,93.0,72.4,"[[789.4 165.4]
 [  3.    5.4]]","[[3.3926e+03 4.2660e+02]
 [6.0000e-01 3.3000e+01]]",29735,4774,38,42,3198,28,1576,14
70,93.0,77.0,"[[706.8 190.8]
 [  2.    6.4]]","[[3.1886e+03 4.0180e+02]
 [4.0000e-01 3.3200e+01]]",30021,4488,38,42,3007,28,1481,14
72,93.0,76.8,"[[664.8 184.8]
 [  2.    6.4]]","[[3.0026e+03 3.9580e+02]
 [4.0000e-01 3.3200e+01]]",30261,4248,38,42,2850,24,1398,18
74,92.4,68.4,"[[656.2 164.6]
 [  3.4   5. ]]","[[2.902e+03 3.812e+02]
 [8.000e-01 3.280e+01]]",30405,4104,38,42,2751,26,1353,16
76,93.0,75.2,"[[649.6 134.2]
 [  2.2   4.8]]","[[2743.8  391.4]
 [   0.    28. ]]",30590,3919,45,35,2626,23,1293,12
78,93.8,65.2,"[[585.2 138. ]
 [  2.6   2.6]]","[[2572.4  320.4]
 [   0.    20.8]]",30893,3616,54,26,2419,21,1197,5
