Threshold,TrainAUC,TestAUC,Test CM,Train CM,NoRain_NoCloud,NoRain_Cloud,Rain_NoCloud,Rain_Cloud,S0train,S1train,S0test,S1test
0,93.4,87.6,"[[6.1444e+03 7.7100e+02]
 [2.0000e+00 1.3800e+01]]","[[2.50632e+04 2.59840e+03]
 [1.40000e+00 6.18000e+01]]",0,34577,0,79,23169,50,11408,29
2,92.2,86.6,"[[3.5464e+03 6.5760e+02]
 [1.6000e+00 1.3600e+01]]","[[1.48402e+04 1.97580e+03]
 [1.60000e+00 5.92000e+01]]",13557,21020,3,76,14085,49,6935,27
4,92.0,86.0,"[[3.212e+03 6.320e+02]
 [1.600e+00 1.360e+01]]","[[1.34774e+04 1.89860e+03]
 [1.80000e+00 5.90000e+01]]",15357,19220,3,76,12870,58,6350,18
6,91.2,83.2,"[[2.9592e+03 5.8720e+02]
 [2.4000e+00 1.2800e+01]]","[[1.2362e+04 1.8236e+03]
 [2.0000e+00 5.8800e+01]]",16845,17732,3,76,11877,54,5855,22
8,91.2,81.6,"[[2753.4  543.4]
 [   3.    12.2]]","[[1.14636e+04 1.72360e+03]
 [2.20000e+00 5.86000e+01]]",18093,16484,3,76,11052,43,5432,33
10,91.0,83.8,"[[2.6236e+03 5.4840e+02]
 [2.2000e+00 1.3000e+01]]","[[1.09738e+04 1.71420e+03]
 [2.20000e+00 5.86000e+01]]",18717,15860,3,76,10633,44,5227,32
12,90.8,82.2,"[[2473.2  526. ]
 [   2.6   12.6]]","[[1.03398e+04 1.65700e+03]
 [2.40000e+00 5.84000e+01]]",19581,14996,3,76,10049,49,4947,27
14,90.4,81.0,"[[2347.   493.8]
 [   3.    12.2]]","[[9.7774e+03 1.5858e+03]
 [2.6000e+00 5.8200e+01]]",20373,14204,3,76,9508,59,4696,17
16,90.2,80.6,"[[2246.   489.2]
 [   3.    12.2]]","[[9.3912e+03 1.5496e+03]
 [2.8000e+00 5.8000e+01]]",20901,13676,3,76,9160,53,4516,23
18,90.2,80.4,"[[2137.4  468.2]
 [   3.    12.2]]","[[8.9430e+03 1.4794e+03]
 [2.8000e+00 5.8000e+01]]",21549,13028,3,76,8725,54,4303,22
20,89.8,80.4,"[[2029.   456.8]
 [   3.    12. ]]","[[8.5052e+03 1.4380e+03]
 [2.8000e+00 5.7200e+01]]",22148,12429,4,75,8338,39,4091,36
22,90.8,80.8,"[[1947.8  432.6]
 [   2.8   12. ]]","[[8.1842e+03 1.3374e+03]
 [2.0000e+00 5.7200e+01]]",22675,11902,5,74,7971,52,3931,22
24,92.6,74.8,"[[1968.4  359.6]
 [   5.     9.4]]","[[8.1152e+03 1.1968e+03]
 [6.0000e-01 5.7000e+01]]",22937,11640,7,72,7801,46,3839,26
26,92.6,74.6,"[[1902.8  353.2]
 [   5.     9.4]]","[[7.8646e+03 1.1594e+03]
 [6.0000e-01 5.7000e+01]]",23297,11280,7,72,7556,49,3724,23
28,92.4,80.8,"[[1817.   357.4]
 [   3.    11.4]]","[[7.5144e+03 1.1832e+03]
 [6.0000e-01 5.7000e+01]]",23705,10872,7,72,7283,49,3589,23
30,92.6,73.0,"[[1772.6  335. ]
 [   5.2    8.8]]","[[7.3286e+03 1.1018e+03]
 [4.0000e-01 5.5600e+01]]",24039,10538,9,70,7052,55,3486,15
32,92.4,73.2,"[[1722.4  322.8]
 [   5.2    8.8]]","[[7.0798e+03 1.1010e+03]
 [4.0000e-01 5.5600e+01]]",24351,10226,9,70,6857,41,3369,29
34,93.0,77.8,"[[1675.4  265.6]
 [   3.8    8.8]]","[[6.8036e+03 9.6040e+02]
 [4.0000e-01 5.0000e+01]]",24872,9705,16,63,6498,46,3207,17
36,93.0,77.0,"[[1587.8  257.2]
 [   4.     8.6]]","[[6.4664e+03 9.1360e+02]
 [4.0000e-01 5.0000e+01]]",25352,9225,16,63,6187,35,3038,28
38,92.6,76.8,"[[1520.2  252.8]
 [   4.     8.6]]","[[6.1868e+03 9.0520e+02]
 [4.0000e-01 5.0000e+01]]",25712,8865,16,63,5938,43,2927,20
40,92.8,77.2,"[[1412.8  235.4]
 [   3.8    8.8]]","[[5.7986e+03 7.9420e+02]
 [6.0000e-01 4.9800e+01]]",26336,8241,16,63,5521,42,2720,21
42,92.8,78.2,"[[1368.2  242.6]
 [   3.4    8.2]]","[[5.648e+03 7.952e+02]
 [4.000e-01 4.600e+01]]",26523,8054,21,58,5399,36,2655,22
44,93.0,79.2,"[[1321.4  255.8]
 [   2.8    8.8]]","[[5.515e+03 7.938e+02]
 [2.000e-01 4.620e+01]]",26691,7886,21,58,5283,39,2603,19
46,92.6,77.6,"[[1278.4  241.2]
 [   3.2    8.4]]","[[5.299e+03 7.794e+02]
 [4.000e-01 4.600e+01]]",26979,7598,21,58,5088,41,2510,17
48,92.4,77.8,"[[1230.   232. ]
 [   3.2    8.4]]","[[5.1092e+03 7.3880e+02]
 [8.0000e-01 4.5600e+01]]",27267,7310,21,58,4900,36,2410,22
50,92.4,78.6,"[[1165.4  234.2]
 [   2.8    8.8]]","[[4.8856e+03 7.1280e+02]
 [8.0000e-01 4.5600e+01]]",27579,6998,21,58,4689,38,2309,20
52,92.4,76.2,"[[1153.8  202.6]
 [   3.6    8. ]]","[[4.7762e+03 6.4940e+02]
 [1.2000e+00 4.5200e+01]]",27795,6782,21,58,4544,38,2238,20
54,92.6,77.4,"[[1095.   203.8]
 [   3.4    8.2]]","[[4.546e+03 6.492e+02]
 [6.000e-01 4.580e+01]]",28083,6494,21,58,4346,43,2148,15
56,92.6,78.0,"[[1048.8  202. ]
 [   3.2    8.4]]","[[4.380e+03 6.232e+02]
 [8.000e-01 4.560e+01]]",28323,6254,21,58,4183,46,2071,12
58,93.4,71.6,"[[969.6 222.4]
 [  3.    5. ]]","[[4.2118e+03 5.5620e+02]
 [2.0000e-01 3.1800e+01]]",28617,5960,39,40,4001,19,1959,21
60,92.4,73.6,"[[923.  208. ]
 [  2.2   4.4]]","[[3.9912e+03 5.3280e+02]
 [6.0000e-01 2.5800e+01]]",28922,5655,46,33,3787,23,1868,10
62,93.0,74.4,"[[888.4 204.2]
 [  2.    4.6]]","[[3.8256e+03 5.4480e+02]
 [2.0000e-01 2.6200e+01]]",29114,5463,46,33,3660,22,1803,11
64,91.8,76.2,"[[853.6 205.4]
 [  1.8   4.8]]","[[3.7122e+03 5.2380e+02]
 [8.0000e-01 2.5600e+01]]",29282,5295,46,33,3543,26,1752,7
66,92.0,75.6,"[[816.2 199.6]
 [  1.8   4.8]]","[[3.5472e+03 5.1600e+02]
 [6.0000e-01 2.5800e+01]]",29498,5079,46,33,3405,20,1674,13
68,92.0,74.8,"[[764.2 194. ]
 [  2.    4.6]]","[[3.3256e+03 5.0720e+02]
 [4.0000e-01 2.6000e+01]]",29786,4791,46,33,3210,22,1581,11
70,92.2,75.2,"[[716.4 184.2]
 [  1.8   4.8]]","[[3.138e+03 4.644e+02]
 [4.000e-01 2.600e+01]]",30074,4503,46,33,3015,24,1488,9
72,91.8,75.6,"[[682.6 170. ]
 [  1.8   4.8]]","[[2.9528e+03 4.5760e+02]
 [4.0000e-01 2.6000e+01]]",30314,4263,46,33,2856,22,1407,11
74,91.2,74.8,"[[652.6 171.2]
 [  1.8   4.8]]","[[2.8544e+03 4.4080e+02]
 [8.0000e-01 2.5600e+01]]",30458,4119,46,33,2757,24,1362,9
76,92.0,67.2,"[[563.  224. ]
 [  1.8   3.2]]","[[2.7504e+03 3.9760e+02]
 [4.0000e-01 1.9600e+01]]",30642,3935,54,25,2634,19,1301,6
78,94.2,63.6,"[[566.  159.8]
 [  2.    1.8]]","[[2.6236e+03 2.7960e+02]
 [2.0000e-01 1.5000e+01]]",30948,3629,60,19,2431,13,1198,6
