Threshold,TrainAUC,TestAUC,Test CM,Train CM,NoRain_NoCloud,NoRain_Cloud,Rain_NoCloud,Rain_Cloud,S0train,S1train,S0test,S1test
0,72.6,64.2,"[[3.5438e+03 3.3716e+03]
 [3.4000e+00 1.2400e+01]]","[[1.40432e+04 1.36184e+04]
 [2.60000e+00 6.06000e+01]]",0,34577,0,79,23168,51,11409,28
2,68.2,63.4,"[[2022.2 2181.8]
 [   3.    12.2]]","[[7.0744e+03 9.7416e+03]
 [2.6000e+00 5.8200e+01]]",13557,21020,3,76,14086,48,6934,28
4,68.2,63.4,"[[1831.2 2012.8]
 [   3.    12.2]]","[[6.4096e+03 8.9664e+03]
 [2.6000e+00 5.8200e+01]]",15357,19220,3,76,12879,49,6341,27
6,68.8,63.8,"[[1728.4 1818. ]
 [   3.    12.2]]","[[5.9322e+03 8.2534e+03]
 [2.2000e+00 5.8600e+01]]",16845,17732,3,76,11878,53,5854,23
8,68.6,64.2,"[[1616.6 1680.2]
 [   3.    12.2]]","[[5.4858e+03 7.7014e+03]
 [2.2000e+00 5.8600e+01]]",18093,16484,3,76,11044,51,5440,25
10,68.0,63.4,"[[1523.2 1648.8]
 [   3.    12.2]]","[[5.220e+03 7.468e+03]
 [2.400e+00 5.840e+01]]",18717,15860,3,76,10623,54,5237,22
12,68.0,63.6,"[[1434.6 1564.6]
 [   3.    12.2]]","[[4.9016e+03 7.0952e+03]
 [2.4000e+00 5.8400e+01]]",19581,14996,3,76,10045,53,4951,23
14,68.2,64.8,"[[1369.8 1471. ]
 [   2.8   12.4]]","[[4.6134e+03 6.7498e+03]
 [2.2000e+00 5.8600e+01]]",20373,14204,3,76,9513,54,4691,22
16,67.4,64.2,"[[1297.4 1437.8]
 [   2.8   12.4]]","[[4.3554e+03 6.5854e+03]
 [2.4000e+00 5.8400e+01]]",20901,13676,3,76,9160,53,4516,23
18,67.6,65.2,"[[1238.  1367.6]
 [   2.4   12.8]]","[[4.1920e+03 6.2304e+03]
 [2.6000e+00 5.8200e+01]]",21549,13028,3,76,8729,50,4299,26
20,70.0,61.0,"[[1327.2 1158.6]
 [   4.6   10.4]]","[[4.6624e+03 5.2808e+03]
 [3.8000e+00 5.6200e+01]]",22148,12429,4,75,8323,54,4106,21
22,71.2,61.4,"[[1338.2 1042.2]
 [   4.8   10. ]]","[[4.7048e+03 4.8168e+03]
 [3.4000e+00 5.5800e+01]]",22675,11902,5,74,7975,48,3927,26
24,72.8,59.0,"[[1307.  1021. ]
 [   5.4    9. ]]","[[4.7244e+03 4.5876e+03]
 [2.2000e+00 5.5400e+01]]",22937,11640,7,72,7799,48,3841,24
26,72.8,59.2,"[[1268.8  987.2]
 [   5.4    9. ]]","[[4.5486e+03 4.4754e+03]
 [2.2000e+00 5.5400e+01]]",23297,11280,7,72,7557,48,3723,24
28,72.6,58.6,"[[1267.6  906.8]
 [   5.6    8.8]]","[[4.4042e+03 4.2934e+03]
 [2.6000e+00 5.5000e+01]]",23705,10872,7,72,7289,43,3583,29
30,73.2,59.4,"[[1262.   845.6]
 [   5.6    8.4]]","[[4.3552e+03 4.0752e+03]
 [2.2000e+00 5.3800e+01]]",24039,10538,9,70,7055,52,3483,18
32,73.0,59.8,"[[1226.   819.2]
 [   5.6    8.4]]","[[4.2168e+03 3.9640e+03]
 [2.4000e+00 5.3600e+01]]",24351,10226,9,70,6858,40,3368,30
34,79.0,61.4,"[[1303.   638. ]
 [   5.4    7.2]]","[[4.8238e+03 2.9402e+03]
 [1.8000e+00 4.8600e+01]]",24872,9705,16,63,6499,45,3206,18
36,78.6,61.2,"[[1233.8  611.2]
 [   5.4    7.2]]","[[4.5728e+03 2.8072e+03]
 [1.8000e+00 4.8600e+01]]",25352,9225,16,63,6180,42,3045,21
38,78.4,60.6,"[[1179.8  593.2]
 [   5.6    7. ]]","[[4.3212e+03 2.7708e+03]
 [1.8000e+00 4.8600e+01]]",25712,8865,16,63,5939,42,2926,21
40,78.4,60.0,"[[1102.2  546. ]
 [   5.6    7. ]]","[[4.0964e+03 2.4964e+03]
 [2.2000e+00 4.8200e+01]]",26336,8241,16,63,5511,52,2730,11
42,82.2,65.2,"[[1251.4  359.4]
 [   5.6    6. ]]","[[4937.4 1505.8]
 [   5.    41.4]]",26523,8054,21,58,5391,44,2663,14
44,82.4,63.8,"[[1231.6  345.6]
 [   5.6    6. ]]","[[4867.6 1441.2]
 [   5.2   41.2]]",26691,7886,21,58,5284,38,2602,20
46,82.6,66.2,"[[1180.6  339. ]
 [   5.2    6.4]]","[[4659.  1419.4]
 [   5.    41.4]]",26979,7598,21,58,5096,33,2502,25
48,82.4,64.0,"[[1131.4  330.6]
 [   5.6    6. ]]","[[4484.  1364. ]
 [   5.    41.4]]",27267,7310,21,58,4900,36,2410,22
50,82.4,66.2,"[[1087.8  311.8]
 [   5.2    6.4]]","[[4320.  1278.4]
 [   5.2   41.2]]",27579,6998,21,58,4684,43,2314,15
52,82.0,65.0,"[[1056.8  299.6]
 [   5.4    6.2]]","[[4211.6 1214. ]
 [   5.8   40.6]]",27795,6782,21,58,4548,34,2234,24
54,82.4,65.2,"[[1022.2  276.6]
 [   5.6    6. ]]","[[3993.  1202.2]
 [   5.    41.4]]",28083,6494,21,58,4348,41,2146,17
56,82.4,65.4,"[[984.  266.8]
 [  5.6   6. ]]","[[3837.6 1165.6]
 [   5.    41.4]]",28323,6254,21,58,4189,40,2065,18
58,84.8,62.8,"[[970.  222. ]
 [  4.4   3.6]]","[[3.6724e+03 1.0956e+03]
 [2.2000e+00 2.9800e+01]]",28617,5960,39,40,3991,29,1969,11
60,82.2,77.6,"[[847.8 283.2]
 [  1.2   5.4]]","[[3.4408e+03 1.0832e+03]
 [2.8000e+00 2.3600e+01]]",28922,5655,46,33,3788,22,1867,11
62,82.2,77.2,"[[872.  220.6]
 [  1.6   5. ]]","[[3.3338e+03 1.0366e+03]
 [2.8000e+00 2.3600e+01]]",29114,5463,46,33,3661,21,1802,12
64,82.0,77.8,"[[795.6 263.4]
 [  1.2   5.4]]","[[3.2114e+03 1.0246e+03]
 [2.8000e+00 2.3600e+01]]",29282,5295,46,33,3546,23,1749,10
66,82.0,76.8,"[[808.  207.8]
 [  1.6   5. ]]","[[3.0794e+03 9.8380e+02]
 [2.8000e+00 2.3600e+01]]",29498,5079,46,33,3401,24,1678,9
68,81.2,73.6,"[[705.8 252.4]
 [  1.8   4.8]]","[[2.8268e+03 1.0060e+03]
 [2.8000e+00 2.3600e+01]]",29786,4791,46,33,3209,23,1582,10
70,81.4,76.6,"[[705.2 195.4]
 [  1.6   5. ]]","[[2676.6  925.8]
 [   2.8   23.6]]",30074,4503,46,33,3014,25,1489,8
72,80.4,75.2,"[[672.  180.6]
 [  1.8   4.8]]","[[2508.4  902. ]
 [   3.    23.4]]",30314,4263,46,33,2855,23,1408,10
74,80.6,76.6,"[[645.  178.8]
 [  1.6   5. ]]","[[2430.   865.2]
 [   3.    23.4]]",30458,4119,46,33,2764,17,1355,16
76,78.6,76.6,"[[553.8 233.2]
 [  0.8   4.2]]","[[2204.6  943.4]
 [   2.4   17.6]]",30642,3935,54,25,2635,18,1300,7
78,83.4,63.4,"[[493.6 232.2]
 [  1.6   2.2]]","[[2.1944e+03 7.0880e+02]
 [1.2000e+00 1.4000e+01]]",30948,3629,60,19,2432,12,1197,7
