Threshold,TrainAUC,TestAUC,Test CM,Train CM,NoRain_NoCloud,NoRain_Cloud,Rain_NoCloud,Rain_Cloud,S0train,S1train,S0test,S1test
0,80.0,71.6,"[[4.4398e+03 2.4798e+03]
 [2.4000e+00 9.2000e+00]]","[[1.69766e+04 1.07018e+04]
 [2.00000e-01 4.62000e+01]]",0,34598,0,58,23181,38,11417,20
2,73.4,70.6,"[[2.3486e+03 1.8632e+03]
 [1.0000e+00 6.4000e+00]]","[[8.5030e+03 8.3442e+03]
 [8.0000e-01 2.8800e+01]]",13539,21059,21,37,14110,24,6949,13
4,73.2,69.0,"[[2.1642e+03 1.6880e+03]
 [1.2000e+00 5.8000e+00]]","[[7.8208e+03 7.5880e+03]
 [8.0000e-01 2.7200e+01]]",15337,19261,23,35,12907,21,6354,14
6,73.2,69.0,"[[1.9970e+03 1.5576e+03]
 [1.2000e+00 5.8000e+00]]","[[7.1972e+03 7.0212e+03]
 [8.0000e-01 2.7200e+01]]",16825,17773,23,35,11908,23,5865,12
8,73.2,69.2,"[[1.8656e+03 1.4394e+03]
 [1.2000e+00 5.8000e+00]]","[[6.6456e+03 6.5744e+03]
 [8.0000e-01 2.7200e+01]]",18073,16525,23,35,11070,25,5455,10
10,73.4,69.8,"[[1.8212e+03 1.3590e+03]
 [1.2000e+00 5.8000e+00]]","[[6.4816e+03 6.2392e+03]
 [8.0000e-01 2.7200e+01]]",18697,15901,23,35,10652,25,5249,10
12,73.0,69.6,"[[1.7100e+03 1.2974e+03]
 [1.2000e+00 5.8000e+00]]","[[6.0376e+03 5.9920e+03]
 [8.0000e-01 2.7200e+01]]",19561,15037,23,35,10078,20,4959,15
14,73.0,69.4,"[[1.6176e+03 1.2314e+03]
 [1.2000e+00 5.8000e+00]]","[[5.6866e+03 5.7094e+03]
 [8.0000e-01 2.7200e+01]]",20353,14245,23,35,9540,27,4705,8
16,73.0,69.4,"[[1.5596e+03 1.1838e+03]
 [1.2000e+00 5.8000e+00]]","[[5.4566e+03 5.5170e+03]
 [8.0000e-01 2.7200e+01]]",20881,13717,23,35,9185,28,4532,7
18,74.4,66.2,"[[1610.8 1003. ]
 [   2.     5. ]]","[[5.5110e+03 4.9442e+03]
 [8.0000e-01 2.7200e+01]]",21529,13069,23,35,8761,18,4308,17
20,74.4,66.0,"[[1531.   962.8]
 [   2.     5. ]]","[[5.2068e+03 4.7684e+03]
 [8.0000e-01 2.7200e+01]]",22129,12469,23,35,8352,25,4117,10
22,74.4,69.0,"[[1474.4  913.8]
 [   1.6    5.4]]","[[5.0122e+03 4.5406e+03]
 [8.0000e-01 2.7200e+01]]",22657,11941,23,35,8005,18,3936,17
24,74.4,69.0,"[[1447.4  888. ]
 [   1.6    5.4]]","[[4.8958e+03 4.4458e+03]
 [8.0000e-01 2.7200e+01]]",22921,11677,23,35,7825,22,3852,13
26,74.4,69.2,"[[1407.2  856.2]
 [   1.6    5.4]]","[[4.7302e+03 4.3234e+03]
 [8.0000e-01 2.7200e+01]]",23281,11317,23,35,7582,23,3735,12
28,74.4,69.2,"[[1358.   823.8]
 [   1.6    5.4]]","[[4.5544e+03 4.1728e+03]
 [8.0000e-01 2.7200e+01]]",23689,10909,23,35,7309,23,3600,12
30,75.0,70.0,"[[1.0716e+03 1.0440e+03]
 [6.0000e-01 5.4000e+00]]","[[4290.8 4171.6]
 [   0.    24. ]]",24020,10578,28,30,7085,22,3493,8
32,74.8,69.8,"[[1.0356e+03 1.0176e+03]
 [6.0000e-01 5.4000e+00]]","[[4139.6 4073.2]
 [   0.    24. ]]",24332,10266,28,30,6877,21,3389,9
34,75.0,69.8,"[[9.862e+02 9.614e+02]
 [6.000e-01 5.400e+00]]","[[3942.  3848.4]
 [   0.    24. ]]",24860,9738,28,30,6523,21,3215,9
36,74.4,69.6,"[[9.298e+02 9.218e+02]
 [6.000e-01 5.400e+00]]","[[3716.4 3690. ]
 [   0.    24. ]]",25340,9258,28,30,6202,20,3056,10
38,74.2,69.0,"[[8.702e+02 9.094e+02]
 [6.000e-01 5.400e+00]]","[[3488.2 3630.2]
 [   0.    24. ]]",25700,8898,28,30,5962,19,2936,11
40,73.6,68.8,"[[7.992e+02 8.556e+02]
 [6.000e-01 5.400e+00]]","[[3212.6 3406.6]
 [   0.    24. ]]",26324,8274,28,30,5543,20,2731,10
42,73.6,68.8,"[[7.804e+02 8.360e+02]
 [6.000e-01 5.400e+00]]","[[3137.6 3328. ]
 [   0.    24. ]]",26516,8082,28,30,5416,19,2666,11
44,73.4,68.2,"[[7.526e+02 8.302e+02]
 [6.000e-01 5.400e+00]]","[[3041.  3290.2]
 [   0.    24. ]]",26684,7914,28,30,5301,21,2613,9
46,74.0,65.6,"[[737.8 788. ]
 [  0.8   4.6]]","[[3015.4 3087.8]
 [   0.    21.6]]",26969,7629,31,27,5107,22,2522,5
48,74.0,67.2,"[[710.8 757.4]
 [  0.8   4.6]]","[[2880.  2992.8]
 [   0.    21.6]]",27257,7341,31,27,4920,16,2421,11
50,74.2,65.6,"[[678.  727.8]
 [  0.8   4.6]]","[[2774.4 2848.8]
 [   0.    21.6]]",27569,7029,31,27,4713,14,2316,13
52,73.8,65.6,"[[656.6 706. ]
 [  0.8   4.6]]","[[2670.  2780.4]
 [   0.    21.6]]",27785,6813,31,27,4564,18,2249,9
54,73.8,66.8,"[[620.2 684.8]
 [  0.8   4.6]]","[[2541.2 2678.8]
 [   0.    21.6]]",28073,6525,31,27,4369,20,2156,7
56,73.6,66.6,"[[593.8 663.2]
 [  0.8   4.6]]","[[2443.8 2584.2]
 [   0.    21.6]]",28313,6285,31,27,4211,18,2074,9
58,74.2,65.4,"[[568.8 625.8]
 [  0.8   4.6]]","[[2332.8 2445.6]
 [   0.    21.6]]",28625,5973,31,27,4008,12,1965,15
60,73.8,66.4,"[[535.2 597. ]
 [  0.8   4.6]]","[[2187.2 2341.6]
 [   0.    21.6]]",28937,5661,31,27,3788,22,1873,5
62,73.4,65.4,"[[519.8 574. ]
 [  0.8   4.6]]","[[2115.6 2259.6]
 [   0.    21.6]]",29129,5469,31,27,3661,21,1808,6
64,73.6,66.4,"[[501.6 558.6]
 [  0.8   4.6]]","[[2043.2 2197.6]
 [   0.    21.6]]",29297,5301,31,27,3550,19,1751,8
66,75.4,67.2,"[[525.6 491.8]
 [  0.8   4.2]]","[[2103.8 1965.8]
 [   0.    20. ]]",29511,5087,33,25,3411,14,1676,11
68,74.8,66.8,"[[485.  474.8]
 [  0.8   4.2]]","[[1943.  1896.2]
 [   0.    20. ]]",29799,4799,33,25,3216,16,1583,9
70,74.6,66.6,"[[454.2 448. ]
 [  0.8   4.2]]","[[1812.6 1796.2]
 [   0.    20. ]]",30087,4511,33,25,3020,19,1491,6
72,74.4,66.2,"[[424.2 430. ]
 [  0.8   4.2]]","[[1700.4 1716.4]
 [   0.    20. ]]",30327,4271,33,25,2863,15,1408,10
74,74.0,65.8,"[[406.6 418.8]
 [  0.8   4.2]]","[[1621.2 1680.4]
 [   0.    20. ]]",30471,4127,33,25,2762,19,1365,6
76,74.8,64.8,"[[399.8 387.6]
 [  0.8   3.8]]","[[1588.8 1560.8]
 [   0.    18.4]]",30661,3937,35,23,2641,12,1296,11
78,75.2,60.4,"[[379.  346.8]
 [  1.2   2.6]]","[[1493.6 1409.6]
 [   0.    15.2]]",30969,3629,39,19,2432,12,1197,7
